9	join	concat_0.tmp_0	-0.02354901329272252	0.0	1.0026313771427542	0.6490951729357808
9	update	concat_0.tmp_0	0.14744067784729362	0.11695906432748537	2.240215782985595	0.40561423594543433
10	join	concat_0.tmp_0	-0.006790094402487185	0.0	1.2123404913654037	0.6722699225763157
10	update	concat_0.tmp_0	0.1600040992660116	0.050682261208576995	2.233978328163822	0.40633845996445295
11	join	concat_0.tmp_0	-0.030726888443632205	0.0	1.042724266613837	0.6438648914082197
11	update	concat_0.tmp_0	0.15782612561097722	0.2378167641325536	2.254495472469406	0.40201808020367424
12	join	concat_0.tmp_0	-0.03324234339621689	0.0	0.786460954320501	0.6098492453627175
12	update	concat_0.tmp_0	0.1808237483715974	0.050682261208576995	2.457768027090598	0.44335308885807717
9	join	concat_0.tmp_0@GRAD@RENAME@block0@1	-1.0792715428849985e-09	0.0	2.638528155759242e-14	6.881059408490362e-08
9	join	concat_0.tmp_0@GRAD	2.226428859025876e-09	0.0	4.785956905063344e-13	1.8124629583990524e-07
9	join	concat_0.tmp_0@GRAD@RENAME@block0@0	3.305710968934041e-09	0.0	4.4137948577040213e-13	1.4869689262282886e-07
9	update	concat_0.tmp_0@GRAD	7.345097651454837e-08	0.0	3.120017389441091e-11	1.1530450472551592e-06
10	join	concat_0.tmp_0@GRAD@RENAME@block0@1	1.4287389818605144e-08	0.0	8.210224163919807e-13	3.403812863044185e-07
10	join	concat_0.tmp_0@GRAD	1.4641662436671216e-08	0.0	1.1020616856405443e-11	8.138868904826584e-07
10	join	concat_0.tmp_0@GRAD@RENAME@block0@0	3.5429018288063115e-10	0.0	9.776819197540372e-12	6.405189302391285e-07
10	update	concat_0.tmp_0@GRAD	1.7934420846496765e-07	0.0	1.9522031303027986e-09	9.023174752261057e-06
11	join	concat_0.tmp_0@GRAD@RENAME@block0@1	-2.8635771070500277e-09	0.0	3.87284993199248e-14	8.678589769379466e-08
11	join	concat_0.tmp_0@GRAD	8.466746306554777e-10	0.0	8.053996382121138e-13	2.2465505937205737e-07
11	join	concat_0.tmp_0@GRAD@RENAME@block0@0	3.710283432007759e-09	0.0	7.618497462222712e-13	1.905157455579948e-07
11	update	concat_0.tmp_0@GRAD	-1.4075153041057491e-08	0.0	7.189463396620322e-11	1.7682793462713204e-06
12	join	concat_0.tmp_0@GRAD@RENAME@block0@1	-2.767070540321984e-09	0.0	9.393605291082787e-14	1.6112058242769475e-07
12	join	concat_0.tmp_0@GRAD	7.504722569460681e-09	0.0	1.5605899708546483e-12	3.993842346894665e-07
12	join	concat_0.tmp_0@GRAD@RENAME@block0@0	1.0271780570210328e-08	0.0	1.3512727747431367e-12	3.2459537379416097e-07
12	update	concat_0.tmp_0@GRAD	9.248830579356698e-08	0.0	7.378212098650029e-11	2.60147190562337e-06
9	join	concat_1.tmp_0	0.14711442289096227	0.12475633528265107	2.2267270836713418	0.3998985634789422
9	update	concat_1.tmp_0	-0.026439456246513338	0.0	1.2553386554267365	0.825455675350709
10	join	concat_1.tmp_0	0.1596443602038501	0.050682261208576995	2.2294181106550957	0.4040060638522589
10	update	concat_1.tmp_0	-0.054779122888640806	0.0	1.6671002576877454	0.9597848981657321
11	join	concat_1.tmp_0	0.15763558913436898	0.2378167641325536	2.2443058232850914	0.39835294743076977
11	update	concat_1.tmp_0	-0.011772985071743255	0.0	1.1768445823356373	0.8136609913605484
12	join	concat_1.tmp_0	0.18054969708288177	0.050682261208576995	2.453561380514874	0.4410534246589326
12	update	concat_1.tmp_0	-0.01845100081018524	0.0	1.3271984191741495	0.8347126009259258
9	update	concat_1.tmp_0@GRAD	-3.1546439795138884e-09	0.0	7.759939218801812e-15	4.033501208298611e-08
10	update	concat_1.tmp_0@GRAD	2.5917559137709282e-08	0.0	1.3223883583529935e-12	3.9697656116249323e-07
11	update	concat_1.tmp_0@GRAD	3.16871875917969e-09	0.0	3.3374521836204696e-14	7.734726491035157e-08
12	update	concat_1.tmp_0@GRAD	5.393018879340332e-10	0.0	7.862803041729504e-14	1.3020892056067707e-07
9	join	concat_2.tmp_0	-0.026388838941739982	0.0	1.2566022053906658	0.8258825023777044
9	update	concat_2.tmp_0	0.10008608813663986	0.0851063829787234	1.977985492211747	0.5199540322089985
10	join	concat_2.tmp_0	-0.05443672900275672	0.0	1.6669979297402873	0.9596643078610064
10	update	concat_2.tmp_0	0.10150994514729787	0.03687943262411347	2.0887365100584203	0.5570642984533121
11	join	concat_2.tmp_0	-0.011707901002861565	0.0	1.1770683952822691	0.8134440437888051
11	update	concat_2.tmp_0	0.1116374316378108	0.17304964539007092	1.9667077364460275	0.5141250857953337
12	join	concat_2.tmp_0	-0.018479928579339614	0.0	1.326481067908883	0.8344328720166109
12	update	concat_2.tmp_0	0.126553178381665	0.03687943262411347	2.1577376784328464	0.5499361049105975
9	update	concat_2.tmp_0@GRAD	5.258816923105914e-08	0.0	2.270638155605571e-11	8.500091227827376e-07
10	update	concat_2.tmp_0@GRAD	1.3755992949924675e-07	0.0	1.4209041037755776e-09	6.6739122661746395e-06
11	update	concat_2.tmp_0@GRAD	-9.378949657163252e-09	0.0	5.232396691626783e-11	1.307770183687908e-06
12	update	concat_2.tmp_0@GRAD	6.744687494267144e-08	0.0	5.371135581301619e-11	1.928447092670126e-06
9	join	concat_3.tmp_0	0.09986247073226893	0.09078014184397164	1.9684884823459738	0.5159112106683924
9	update	concat_3.tmp_0	0.6905726803304459	0.10875842155919153	2.600516336855266	0.7272240135354506
10	join	concat_3.tmp_0	0.10134142527098687	0.03687943262411347	2.0853306828496043	0.5553342664759178
10	update	concat_3.tmp_0	0.6867926886803871	0.04331087584215592	2.5624918069750104	0.723034049240755
11	join	concat_3.tmp_0	0.11151651096933603	0.17304964539007092	1.959336924286802	0.5113990332474262
11	update	concat_3.tmp_0	0.649969921891843	0.14436958614051973	2.2090465070622023	0.6818565279553658
12	join	concat_3.tmp_0	0.1263458841365746	0.03687943262411347	2.1544619598333647	0.5481865507478322
12	update	concat_3.tmp_0	0.574277563290771	0.19826756496631376	1.8422678237613574	0.603092410579831
9	join	_generated_var_0	-0.04045946210785283	0.0	1.0085435562663014	0.6191485880117299
9	update	_generated_var_0	-0.0319359125844142	0.0	0.9154631113475642	0.593892805205478
10	join	_generated_var_0	-0.017839546439185897	0.0	1.3261505546880215	0.7065484602066275
10	update	_generated_var_0	-0.008053249612041744	0.0	1.2331417310847814	0.6827875963752799
11	join	_generated_var_0	-0.01991325453721701	0.0	0.9076633499147998	0.6048134880443092
11	update	_generated_var_0	-0.010935686883489735	0.0	0.8220784306606397	0.5797816206455818
12	join	_generated_var_0	-0.005855287780347234	0.0	1.1692863355802694	0.6872880275246184
12	update	_generated_var_0	0.0035159146803696345	0.0	1.0885217248345984	0.663868080821654
9	join	_generated_var_0@GRAD@RENAME@block0@1	-1.522995638061466e-09	0.0	4.04260139462495e-14	2.987846544326241e-08
9	join	_generated_var_0@GRAD@RENAME@block0@0	2.619093884627649e-08	0.0	6.043816097442803e-13	6.616970676912046e-08
9	join	_generated_var_0@GRAD	2.466793671475295e-08	0.0	6.273701864502377e-13	8.082376526501065e-08
9	update	_generated_var_0@GRAD@RENAME@block0@1	-2.7979657917257697e-09	0.0	8.593889812150784e-14	4.512558360567376e-08
9	update	_generated_var_0@GRAD@RENAME@block0@0	6.705309335909858e-08	0.0	6.4401290886409654e-12	1.3463392860649668e-07
9	update	_generated_var_0@GRAD	6.425506809640687e-08	0.0	5.708352233898401e-12	1.5359460725696242e-07
10	join	_generated_var_0@GRAD@RENAME@block0@1	9.090202448542183e-09	0.0	9.062932172655275e-13	2.4513749571552404e-07
10	join	_generated_var_0@GRAD	-5.397804913579036e-08	0.0	2.090574054078095e-11	5.866834373879636e-07
10	join	_generated_var_0@GRAD@RENAME@block0@0	-6.306823736890022e-08	0.0	2.09296990024918e-11	4.6526462253933527e-07
10	update	_generated_var_0@GRAD@RENAME@block0@1	2.0368958600078832e-08	0.0	2.1496543913647687e-12	3.6942978410929865e-07
10	update	_generated_var_0@GRAD@RENAME@block0@0	-1.4344252796780322e-07	0.0	1.3416597491868318e-10	8.509683271669518e-07
10	update	_generated_var_0@GRAD	-1.2307351721412136e-07	0.0	1.3472826793398705e-10	1.0511756801708337e-06
11	join	_generated_var_0@GRAD@RENAME@block0@1	3.2869131258865155e-09	0.0	5.902066818775906e-14	4.9742734628368797e-08
11	join	_generated_var_0@GRAD@RENAME@block0@0	6.617694779330496e-08	0.0	4.923279210384394e-12	1.439055235953014e-07
11	join	_generated_var_0@GRAD	6.946404113860264e-08	0.0	5.853679227170821e-12	1.6992183266028386e-07
11	update	_generated_var_0@GRAD@RENAME@block0@1	3.5627992313829805e-09	0.0	7.306413292077258e-14	6.935602737570923e-08
11	update	_generated_var_0@GRAD@RENAME@block0@0	1.127136701773323e-07	0.0	1.3120684037919263e-11	2.2314522653805783e-07
11	update	_generated_var_0@GRAD	1.1627642210015957e-07	0.0	1.4497297253468952e-11	2.5853819133136526e-07
12	join	_generated_var_0@GRAD@RENAME@block0@1	3.054871167691089e-09	0.0	1.783513213888202e-13	7.187226916264776e-08
12	join	_generated_var_0@GRAD@RENAME@block0@0	7.148780085459239e-08	0.0	2.3929942947472152e-12	1.76236533488974e-07
12	join	_generated_var_0@GRAD	7.454262540764381e-08	0.0	3.1485185479711517e-12	2.1108740247714734e-07
12	update	_generated_var_0@GRAD@RENAME@block0@1	3.375089765484633e-09	0.0	6.880149199255769e-13	1.177734396315209e-07
12	update	_generated_var_0@GRAD@RENAME@block0@0	2.2963134101282637e-07	0.0	3.75687211490486e-11	4.0052786255820384e-07
12	update	_generated_var_0@GRAD	2.330064055529566e-07	0.0	4.031290701358856e-11	4.517719000365468e-07
9	join	fc_3.tmp_0	-2.2860408912816785	0.0	2.125283583908629	2.33380218132896
9	update	fc_3.tmp_0	-2.849723719858156	0.0	2.3269946532888626	2.8995020269739955
10	join	fc_3.tmp_0	-2.402239188830575	0.0	2.373700955266112	2.456185060515366
10	update	fc_3.tmp_0	-3.0030819107391644	0.0	2.72111245882864	3.064824819394799
11	join	fc_3.tmp_0	-2.2873794397562057	0.0	2.0690469041488533	2.339651151435284
11	update	fc_3.tmp_0	-2.866543213554965	0.0	2.246467839395379	2.9091232028102834
12	join	fc_3.tmp_0	-2.438704530596123	0.0	2.421329293886546	2.504571063317195
12	update	fc_3.tmp_0	-3.082401693204098	0.0	2.7161053600988225	3.141970677891253
9	join	fc_3.tmp_0@GRAD	-1.2463475606866321e-09	0.0	1.7105466899061077e-14	2.110923331821711e-08
9	update	fc_3.tmp_0@GRAD	-1.2826360500388496e-09	0.0	2.1067911800215873e-14	2.540462015537711e-08
10	join	fc_3.tmp_0@GRAD	3.4875439711229615e-08	0.0	1.664050085025598e-12	1.638255073384775e-07
10	update	fc_3.tmp_0@GRAD	4.669006211242732e-08	0.0	2.6824539404836134e-12	2.102750487076285e-07
11	join	fc_3.tmp_0@GRAD	-8.851428786266953e-09	0.0	5.2471254335430016e-14	3.4901412774627355e-08
11	update	fc_3.tmp_0@GRAD	-8.554774970580091e-09	0.0	5.2704526347947365e-14	4.222095905926115e-08
12	join	fc_3.tmp_0@GRAD	-6.511739616269453e-09	0.0	6.20663121977444e-14	5.3967912749887866e-08
12	update	fc_3.tmp_0@GRAD	-6.328869329889052e-09	0.0	1.2761387809776773e-13	7.752768134359194e-08
9	join	fc_3.tmp_1	0.14285997385035462	0.0	0.01736260580207113	0.14285997385035462
9	update	fc_3.tmp_1	0.10296959323941964	0.0	0.017507090077800807	0.10296959323941964
10	join	fc_3.tmp_1	0.136072998545487	0.0	0.01789162560639652	0.136072998545487
10	update	fc_3.tmp_1	0.09839370081658415	0.0	0.018646243263633316	0.09839370081658415
11	join	fc_3.tmp_1	0.1411357281444858	0.0	0.01756272656126502	0.1411357281444858
11	update	fc_3.tmp_1	0.09983707259348937	0.0	0.01575455772488396	0.09983707259348937
12	join	fc_3.tmp_1	0.13298583484382978	0.0	0.018817016785282113	0.13298583484382978
12	update	fc_3.tmp_1	0.09164259772616076	0.0	0.017010728838582716	0.09164259772616076
9	join	fc_3.tmp_1@GRAD	2.448149524815383e-09	0.0	9.50799889948499e-13	2.297574693407064e-07
9	update	fc_3.tmp_1@GRAD	2.632978801045294e-08	0.0	4.36315870467195e-12	5.223758224231339e-07
10	join	fc_3.tmp_1@GRAD	2.469398144783193e-07	0.0	6.096044662413449e-11	1.6689062657673515e-06
10	update	fc_3.tmp_1@GRAD	3.8623331620476153e-07	0.0	3.418511565598219e-10	3.984422366570472e-06
11	join	fc_3.tmp_1@GRAD	-3.499921845860903e-08	0.0	2.382146056505319e-12	3.859621249612899e-07
11	update	fc_3.tmp_1@GRAD	-1.8613756211406637e-08	0.0	6.625062886239453e-12	7.655103914540116e-07
12	join	fc_3.tmp_1@GRAD	-3.692564993905669e-08	0.0	2.809576087479847e-12	5.80331179762636e-07
12	update	fc_3.tmp_1@GRAD	-1.639159409517575e-08	0.0	2.6445584172405898e-11	1.6565684186402065e-06
